0401
0204
1008
1403
0601
0305
0202
0203
1704
1109
1708
1209
0207
1711
1101
0406
1802
1705
1707
1801
1703
0314
0313
1028
0708
1023
0710
1024
1017
1306
1408
1019
0405
0402
0410
0509
0508
0512
0412
1701
0304
0415
0108
0419
0712
0514
0713
0714
0711
1011
1020
0311
0301
0501
0205
1002
1505
1506
1502
1501
1504
1503
1706
1107
1909
1907
0316
0317
1806
0208
0307
0306
2005
0302
0303
1709
1710
0602
0513
0604
0315
1111
0802
0804
1809
1804
1605
1604
1102
1401
1405
1301
1018
1601
1025
0510
0806
0803
1302
1606
1712
1602
1404
0505
1702
1307
0603
0418
2202
1508
2203
